347215246547426681761206680599199137677215959589998410323240330448316657952300233930831 209609447301206086108602340109655763455088164993621954633741684659517046074526635381058 224440575972346672713028907715098454622757215927978316866587183095060534873946534727080 188318989061324132238733503532031273240738563816327267058141240210933435867033965485681 145988625307398808944959418507766508795372457985156085203245857633496137978888121886025
369530327085023557350114752601863017755333423616017538221466704953104969868046958384943 220362769054202333864310620387428405488851626560959521312702351311229759923739397726007 32654432067326590228606836515618394405600276592834059043674854182319866511950046176072 231149096834504768961593568170442073032289585831287977128439429314404563515385958342969 332103033739270883527934013173849387069283385188402852687672878005126317263979066247152
416240470569032110103754795882903862311593707089115816534866480964543895757013251845867 161990891553505323684307512264644815330533126051970196044533622005266278194784930095761 217793990310874604159649005946173509791889679180158870455190897136055824566214525730712 393803759304853503218219468093302935316443572165160846515740010878326520663144850285055 325549541559377591874227458293314319465531573615784823381815476954020134404229878855646
361190813629448545538667801326582499461449118657325031453593294982254331954860583930427 304009707304379274079254510289028389840148794025539457468890373399520007821668286698250 69339705624557798299125750513681251548635178821738735752197558402236981983086881912275 185400431232260786517097512147387241103281008176047001035926610058664900196049916673877 309018399776673400095107979659173555876395602531945430137737490152166119204369355663846
429592558278259352659740086132860395449119522976205705819747116535382894128499429658569 348634289502945456308414087113639755758703596106782222783337205620713293737143755346710 84538414454445120226646257446888559378300173458535185506850515186270312406557920993837 93796287009829734836088610006635000617293959589454212720985765028956388828771022060096 310306794403504595140328465534774168282944093312910129183127900497551890272858513755976
290940873239867804866586339120109784398820598463821564731565844873433850391859974083141 114056937714093482022014415160267914267948558042066533225083591844662814575837944870762 217523228872993816747680469887958840551910563523473929367304489387432388194462391554761 56120865644183780050848716319484164918609082154463592886905186243857017677406920808472 284971187430532157570172997958852584933623177516436498271634377511646348281862812401079
495966199183005218565765641770878549703218450493454248191928227529128082720015032338527 346277017038073080572660850002722677713881517431849803789590798937186120557386132180757 315620077892704245170194196789649980857696800785680587322187010523105028754437188899776 273143906043171185167046779235187682667128721418556397487124899657705257083382519538017 288399014266263951607071915296223825942614858986423268440213071768465596863371598716348
252292425520741823077193606489482886296639135965242455052220403674156330959802207692927 204260543449950250046544497062302545300632677426193682674952503529481804428432122899191 182757408326601198635048969652637681338342952576101271949173442514155538714250856940098 146631437371389021991732600774197692573785628686576822397713204320210276697142749389456 21856753392940364697334816912195350122782817636480018526933766768492092356403201426018
440795559495749702333368120739887064647560947165871242967548743731474123887196956495467 355481103648147323269972917573198606710057228338484730945845932650871282161595289024696 379168428955054979400554431934013487960161067195489002327664611395172379362318955838613 346694861385643656722944342502753267254345968661464206113026181053040885340410064036638 423095676697110010040714669911257211539801363497623793132421639691835520015262782408538
492133835963709734591669557657213992254970443767400831834011136714291689124893687459519 301382511078031394743430298904095328323520127963651563503617099977937153371867319337426 16743244734304857071935233618190498697291156218629813545266293179522834231766369887189 448294286292569898978649019802515175105457453514110676394557594835048394148110457942671 316694662971158220425162681410660633615266579092924368027541037927463060385107962086142
268216141287194316285593823801467113712402102627468321100222867466861474201602543654131 252156972419215821632691271830542530265333304737748182551769213250486539099128323609386 134290796195582064238964833458021781235996433078607924925903556219571502200105374664681 72491856055211628811620867923028637061567292307016623302259108206518721225823457775345 239531662464099461308640178804508598334482720365856689465332314339143365874499236576218
401868568130342451888172432670037766413025202187187600132280436213488916580095719594833 330920387708449546196489120296233098114712466039726400403186539598076983645853182200648 389465026052808927988575510772401827447502877563516012390092589842236100083811802609620 189553243667409320654491954678829508963535562189056206937424140726713098577935775944756 111342783683337512211872655440084967457688977804871918226410069106908724569736654399220
278422038359686300351370918194382261545709275347347073402613534270375791203193755003119 42224948490501124075966808385704641204141452908582976906950404359571345049895120351540 273776082882784458830761261811339470473399518566877045859898168864731059237829190260099 57194529058011123906425619582075128305185649923512692751451904189755962441657912612789 23204485413279249170124760103272947879818719786379780121335320782789515759596503156951
345465587071630422432659140519052912817299253813744058422771368381185584741779164490467 86238009308161665524854038331356972603195526719064021679338608611050401231313206211571 326234593385449971300096524500762457871920912368917828209445650284867761838025419500355 82594358386448860310966164486612554121808650751250412758733936538643904701486707567899 6681029596409017709350577052087098169689525849377059408139322525789314209494153279969
277950462750196718719279143492529123451835336716518186189748180407824778458038287126619 165443862985755295457340679681948522105778022725682202913220609530550027795465963992637 257935991463988013166555361247298104172752505796658050046959807140133228432914676031591 93266981327174933577830293754590607736156614645184579356918948233321401406386524509770 30736984902267787525736037740312479568618958749966049165264137201320144334419711878007
321224792224573836835907827788000068420895158672164237007122835691942539657102444483417 162146521158285810969467701081062961480752390490373484474681231891038773084723391649880 79059698856409271615364866741112314392342813910597982648004450066839363812534586424689 240017154688054991000517210991212767637426656927795049469339227868457036199850507406299 166837877277665270205125082056299510916620087852929671134579411184501896087784008695832
485301850794294987081205203104081404286133093866170018776661466736825367907748828775603 408460064374238530187595467488798163079746856314731763464274661559284942906115618279214 258747380069445006179779470042422973036748505656653265720732734641207801433246825520223 145120281589893147509055862104969671266375715263427582820174849417271849125174992264871 362266610271164599925290183143613486407164855407793984577163977216805544189495781160300
352260885910658111216751768570456904851685235060453864050843295938922626926224560024823 134594382689897496345633910125370142944927394509419612199733415606510225936517297304746 3145181342559812851321728980497863132288932394272276929439012910563160173879287986942 154059143564258676860795456859387558636845447409521420670414454878785417093038443465558 275926681577069766740737495855237168285473440554156180583794663442720826761599981447237
249605516015547426467385662573203399270290927042266205042232979273494656766382473568441 85708127864327039589294208380010092687737726188828876440230058007220095197903756834195 86341000875265016816899132794209453811570715865383165546453668645694053488682493656254 155442301363543360173832867256564551639526043698312363145702487799759792840410368184215 202351616971728632445447083679452112332987870741559717077598044219058368808044570071217
336709777757242371757035884214113213206254665650250339558002084167353116119705116578919 220089363258170789943459507558450185764678602296165859243410871545778874334321781608884 195980616870397857028300738583158785927373681084571282450750172818346104862579685087676 326293567694358416197893171617778507448501206534583640483861588910378240602716797898285 168604438657349340080664237710867115507286908465721446998388589911607564410165373062137
261879954283814898176372167965929060348098011624782998772089018489353990564296606433493 99262147317276174535557556609811698649408916521770145000310654855224709270109758720181 178328578863858276653359080769098108503935979821642619579886875858746705228941419512751 147633238739434721850600587352422172210473846390689920279072481274835235291647901649250 89486490834639316018073357307120203048262588315974440378140256254080716184124347172469
289951036738423457534771980689334077202015134113340954238228692172247229346900221153019 143339787916642748825133590199206339754060909405528213262827868410741936009614535228921 215204340966571979284472055298596723576083193574444790760518217435895406706685591757989 43344931308776664294127111909112151335191952779056776213616081177719724592985906823614 252843779058738603301917964630421803925403174024057450029784289788066323219516325973554
340365056682123860413644853787470163054969782958811779262857914429864354008943029330491 119819483803578315704198216341739067776301343858933781555179976066920880744547392896634 286697869893401584642612966168744680653425885997177990196249816752875625548742424390697 180238738225830943333460785491265354152203425249955716142014427798282481385184264264499 225550108783849204093153687337511128991689179742845352916237485097194849724737612228415
297033647590527745051901937030572360274268727744109745379087550277673941254412346876119 145679123578768612232442886994975473029867207793602956243955216575326456974149917247453 157804550503389364205177620721975058669424994654697120165054687180745783893248043565414 169308006687345916111538441139958901192086727314552004638079072930154617800017055095375 213555299965693866915491461491266226557026271046397560218451884587182910822970704102157
329903646536703439774047614410537510800205973257894812954666573059267878364085612119971 230120573141947328026512318679274375110629713543247084775248012130091142653103338418087 123878818021834600480321847081861370700484776713607525770775595262433173453613074607170 246356756000696888447323799666219148073723942134305636584449669831011398407926230975352 202695724050319373531610630001800785597421137066632285662057879218716030578010804916304
302183895348959196365548209354866670710823568392020062659069631042026890286593614634791 109799637282030816034517019805785387654513760437157065381271357594653281136045203156535 109504099123948058032811505636407164032392139318713845093896376022474467916445955794228 171221475680260577613009424085262125137930163684100676497070301182206969057229926620215 75683216667431033279955460574258994660366350097786142716321440090401624695312716546975
468921840527965623296028655907103855690015371036139848785800087528037147565429685236281 381274946685106838514581396929836052856061771044566736763094384597462996440563724473837 1582330272152656263981432472995487964372936583979854105988129920927143003830202619282 73556844833331835714504931910148387713532612904792977882633506340141887634167939475217 78200482244226000124800733606963735432341397901225770223654648590762815135786193194628
322923468076547356957943055094500613477032826042197538669045933986170209472806399774913 283548297667091642708315232666912886936669704593277012281292621030045624734733310508250 27200579253366250037666956482569232682332193548091147603217646664499078813872539337527 26227044159509343938345093855334153837762943237234357954254150845491523661854310798107 148567573439866812793234634416823965660504337127775498825633696497132709135836654610556
259826698899851866901808636735062738429201395736903982224857005591868652684671884180023 257126759312342205717256896734366563037666633271076606821439757390987503467459068144792 60502066697242837454474192924922191467926410374115052290382515092152569770733449635687 224615689222075557186465120231748877423606691339542186376340876348702387982365369610069 241259865338009976084144038774797476185920425506222176703904252262989493601415303308923
291044032995815610540483832245534628584738880294080935540002297735065749993627541322841 129308708296701618008062528454223708192798185609247541502660430788065805341506289519878 7476579955483355348748956264679823243608868641063778591436629220849352367390171767736 46734955646359625625174233046723816657359747518388620072363664122808883014775049877897 31453791719894291324026762199483056837344789797723813879742426413332914748747030223849
326798947719861000101154158393552673245160612906502199726767047725297224749101636753887 47227220465547461326246235110886730532150602872502224158446509195408642469649864194883 315055770725712657758546715453064115399588215865285068909223086175843201011042227063328 132171033049713073413177440680914541900055523745604246458723206872339980287762638986379 212592756552455854684137482112767757147046721844694773746927969360959044097618027510621
403980471026320718801065801138590850175697725594031483304852809400282014079690393656619 31534826604184305696989070957856739645331593704791530305504959819654370018914076104004 182265159367592794818208115179480438172741433979149258922895865044311560675337486151155 8841361613185787310672158244696736942740987622733625767090194176156391176261437480140 158686291468226317200085845991594896123414385000053317834685224619628781564430865438704
318577236378414437876321272949268247358839200139002367177253018363053632582981619102369 207302271694233931589519723413857958976437117944645444687883742402589768188309610350142 96791086286938933381392030730724629697015420584992198214513534744880709853546509161505 182032082000430908316006951889302675081517392137766964438925684938333248433692472988668 33024059319892052748895844022778716766584313445827159674227657725620958917428292817318
336488640451119264867984542131892001362862374113667507502573291839090088495150331097969 177121793937136661326879521009834598500876135271180070289151220599003045476807828543477 238237808487129359162664431464429213482414661210054223942738489034026435856388514517035 282762788731648593761776386621642804434836930423734221420697348446989479252366996849122 209177468087485902668292356149978117563937616879553614588282684102203119587482146707843
335480996505030788953509951371538298621849110355635010983290027152762394286859199640107 169935254195117954476393612649321227950451942787486923691119085117308296919792059645114 123888874288366556826878168855111928555300488891813659916026546660283125683302392118881 209567129323185239341212046333707407730774817662626060194440367342665821564124030550369 49539440199639937715576106186928672095870763986890343523845966651081643460706701586970
425715580487853174516006428283172020509306116196083728180215026005850588372320320431741 212203957691857461031902277103663127804807894723028124189782785262636893826437517020832 192595717887993083376656841845003284161666921475334652797577517649353061939383595737393 73277926048982987356746296474407670310665649915453793061479410670802345887639014371329 349900582792646066614279665104212803261627067217140852425626617185609751369508554358867
254047466261517274339807882493006456877711057040362815560964783777184465890062745720107 179253447785894523997869759918846074428610835592767869425744212827791987628675694613447 42353061668618083208130586203698136886205005305612758443561556289222572278262710024974 48421684391496354133615427027250147900559595849905986119693781297319979879158961954923 237206700813128798614985958413870185006661045335094247542907824062079941466674285124410
404406424312778046387041496068672674863216706186353571295569117965184306388560376194501 145780099884648036656408174004425865206300641311629233400227154988435928935776593594411 83985102176847076455121506728053450733254515415016537362856527539022140022903820905833 343747914423836451063742546608264750125820030243576612406093080313286979735218541439958 337568378646133790376179243110695886991769334956136874467238026419777411641302141013152
305730559426780271364399985801464007879188979579083926640609841328640308904452431780151 138117072739889043692971529467630652458967708905849231093773967262299508828860374355618 41670993657864100663299686294444888569623754954639595365973428857437419847605901510561 287098515073369490364320829321619114303826941621253934074988284775477317912156910529188 120604466359680853245287007436084916678228542987229290030955161670805919348436796263166
491402875704454674814171053122973501748410946324865717648268502593720382074965686087543 123195165335711875826658655097328379779527127937232402958289312215851895656166534049482 54546911301847524750155943902868830874825939393929428671267756804291271078670317628778 403772646624470260297414540716257669894120449252241815207735291625224828836070257407222 94469666275575457048001490725007763685619948642506819376619410442643687644731894945187
494839430099525438298976434023030048338390369051297293855890042800760594789198597482931 426309480848145691901038367601630439292065519803736229379380946231612378806164180676086 23295232857084100343260231392459090480381080589096928734138500767870518337252142359345 326384099470222349904343695809019429655473055623755887886917426763758642859777001173457 199350223439429364861546281007813183049540662038669635212014125456513135684702606248950
401257372315109252720968109994519534943175934129152929402529004047989391901155397704669 391327125999841258245287783428206807793714219539801709152186003487698001228031040962825 19515134608597605486211469247180642896109989782370375411640471485492274782672739587309 395767981263519667221815808398531537205492443224672499822473439169081448402746971805357 194074734567427388181320730909658729477726880565166195819286093277892153271805338902117
318623636255202369574954874362709526750444393935121972674237066192327229371332759514419 169658836852227587114545233408449208042003376356165808052311199475746504864275197968838 211931697750619986546717113714247780697906052357991611041382683093553933682336249707974 114472257746924953326149828264278105812345840036244865151277155291470603511512836499392 287817810581565107662317753661680627033624961736129136831273530792342962037036148838760
459827249895070892961326382471244812198839150761100695656136590781561409936206966217041 258588577791992474397181355470426273341744073463267766634678780887900544880092650071939 392892990190689442603215014312207635349250078043887814897320761975480238227857149785146 458028177385146554831848224152515615505925260722165898145477886140136308368721363244796 227802038683523425149712198810639777127937727322556382253621345392819373651356937003115
317092213624304248981427518418581693707930828679601670418348376106777984796158589889377 102933175198462245666081610402876899620855935209432707223768985486829252765203058374 32468219836228357250909296398207616652556993561419104504257374466574223384645418434571 181924231359444046231095066722585089201145388852675855928906009813858105929000083815093 255649164043085085858691458435792137949011621688516386369017493493769137512179471921526
353375285652368373028193233383211931977158762563539619345391036726142915174949383502869 243450551217533492798215403617704310513643362228062821720996279527093816631963399768446 58594067455117194127212691488189945588173340903766668013102245182245323383189492770292 183120216870343455973092798501525003115228532478332623463446103471072579689442546055849 27249191811360736362980070783642046609655597154232658043543269377882624367584673843235
378541720199950032013909447120660368573662068299881861183052026281685827335465296315597 118645248204952243009744878005943526440126065896715172382738906173253738622541808392310 273947863845650819451203548615965796445411585483729122737219051363079562313022996794818 250068326133120502998375211515954938213358286932405048473867391512119297035250455034739 360706470694712290566955193506340290564803468280151809404117946318169431683044380348260
274698754569030919990300486106446616464030036669979862351283440035494928864893765819091 115163342239899306848911018459294185376811494475146604271226160027732192847285682571408 80676145713048628353243170715809034727081152864493825236161081145014055160042491265892 55412224781639715706027447418914386177380565051382787691242434669474621208509972590544 105031074314323166921669919564205190042719543482015494943517939054554092486151428319719
466516706336003391001894652916176498701107300061561625783711248235605486082410359186151 442193303631926681032062104195567594899126220522243381367791744429866494730975830811373 356086679942578626359886397247166894433787480617998291778926083159551256887441255552980 332482802192359055540501957330284350109101883081158972011581619941958935446705352558278 311978149166999114699598821051702344047876316646737415154773195965676147298705005020964
319874070925512366686191249784082415334973608381487807697908578508045640686210454621177 17982473117933312392845421749293573668017908851861839831075170120667244637687419037493 292922942049398094004684211206056411627606325207604199451093819239457562185433074960359 129947625516233380405762985102427030223831991216568655533257618487714677684017444996958 285981664805375946731719910568784524288486314255236589003829591518777114554271618391078
427701616993333919395032780906745188910882697969890597568700692533286942866411022177803 422501283119353363013006846612109184215959677110805272328430546569911321956411692182874 132311752613156646980078337340611112979809694767351091859641301119727505979966715913337 112490314121571879726464946441377878133450517674184961261006712975529046488647076377901 393604845669485970827842187927511821221946785600017983863055900834638649614265894139568
263989688154991893017570080124388345595018005504204212704284829579702400044445474661713 161217609586526396434569136317439808778133725136443108839818050119396676399297936627229 229810513397962018302916739234154766252161147688854308005573816801173163348673961111478 116416325422714240193878426233766802008994966836018914941554300185817153751074238116230 224600685483478640838425738291076129523948383189898011376859347127388361560872286063069
269905454742409347677819497539307580238046427859285428669312211268011214036932855598769 23675456288880286423902417870201375320475833894024090551740287060536654574299584980493 17004595627313548943611101976399181760630938177306765519086032214382526444861808750200 250986524799388254233681560374042205842357162140453590713171410293073997181981646761951 20964049895491371715342148007431489202771042807889755010965010714534303957404915718942
254561529792209403855332066410995807707903581638116247001210017556552148565647694575677 224273865373365221962106891554726827288368133527692167551963147480891444136288325821147 203174055610605753181091933924185610812799381611888547174135157419423120389912740243322 54744804545039056584245201338997844426543369083834858393294319124564207365816507848825 84379405892607776661043338847814623698156170870102999415222766017257520464212759486860
353302799099070140402852954949882814767157154823931207617706924839831250577014053028021 298122497531425129659149659941493001711207750556212661142800964757466958747155328823807 102616152461171264913060005258135327913083262965919059472774745792594555508699318703299 27907704305063511030890994544153748110615439002756437920021576755121661765272382748795 131827754199536691323366095107291481290826721651579628872617737476416334496086209414245
495830147762589285526365154376142798479730685831946435538267276800505582998660055773381 468109246778297105087232103761756599784689912496309946822592234775640486621302591386387 197369565490500994731385928293611196004080742620934064993326662966281432573191154209399 413624237472986504220604415949346940395037928327922698068479366540194099349778278567584 35500359918737449430019083291896857122899059379845236945796706466749589607731870254574
460927425133958935024733269504571692783061677007064460774807324921987713036152142879119 238378096424186803968169769252024739881090986826673597796925507015983974704047264682307 436868933040572521879681256493713139136214410111359851036900506737000103729601537572547 145598883205596319664301987809310968692597270795326673607508806252041730113146783845750 175154007977870238242298111558642668032250698832080051216720853404941276341708861918177
459921090397599153277237196819697096721278206242056297693394736760001508572109446962451 446711763830104814365080770308968479049172474135381143973832269574370492192770756675566 360712782591261780503602316721023268050235901874617638609619007191590104490221504090845 227947883880022062818547287108686670713562422434754148541130850886170742035008801522562 44403849540676676747033399167535005650106608663257780846497240941693360008169089924720
354891888134576160481442017466244373664130654250545631390901657063528154377386755380881 336976122969306169975365580320784435980439540643887056661121329335470780882416200323402 17870300057182969309433116740230432570917564066271751901738606542617503300556965313487 321589435500236401140262833527446571637131491593618618960687781134540433452751166111200 248563808427438519795453138596593146525905901567814110762105099857401620873622370837991
256080378728018918670914354544829800512480324409939291687463922562762864051700482437501 36813242899437801309071978019735771318377583961104130543032671783552517928118119422849 58482540401021541409259442987262498355641528205595961938504267481832176629763046632338 224761990377864685924617081918546359381654199686840161936484426044992533510004558876487 154887139297350630223621912506777178605130417164167790154080895078355696926409643871184
271792112520017720124278908913289443810939250076174380014908579822571602151284980773651 18253844058511575433173265386123274173459980306303785839293810119853472240051906075450 95034473224276097313177358694997804745991568686590084587129476037288665557065713440798 199066341187038635339149768441430676142564196578370424549173405164286703292485105848235 78546551026676216652537706186653310774415682108511770609161633643022423001396411009665
400864039938677567072907660281963528491480387501911106100016790577723600678918993096719 372949846854103968101475446846160081836822350150653897785140662365735620525204623404321 132294788676882101704488002719688572606186105593987432295915102101767889076499586874989 224329641871995824148495887236206324958304586070863973734303862227256408798737907256085 313056016941855322822061731139456373295763824797251447162416222293290750175193016967876
393574863077135881799968141492078086642295787678267399298283120600108173375103644384919 297471268248925640891700306874265790770110901114791930444098270356285469615699177865081 178353301958079531787114456942634917340943717327560541387290724137324355609541986976519 363417155519291037971031731895572963901126670420385627437232100774446943380401856183676 210350622613293338849999451908782032903012312505344306375879610725350779546677471355735
465117627693383025546524967641429226984361299505541613473695546938133650022702810866719 26452482672329268842070291834465734478084814344831662331417446237448762766684224074648 239726660997428870284346807505856009419708135873231597143107697984978433691548889821179 28209677445390981752078664967173789745977122396966514007711691804911285520212147588866 189423998091143392654220379955490857855147681446945065953783589141468219788077745866050
309672529163558609054780572247791400476303086826613936108573048082124611348498243014303 129440518565674774294118617051928510209924655748266924971602681738050893590937173860847 152135132137979273819959364388796727877215732153361587670288905723913767842693840068773 281688149865174272542215389571912981936101862514445138500307610238046151665310026937719 134848197984677867084980491644990284562446623828109459243169287664164209137507068430415
278456424737379434241385128624551642055540793065382924307082157912969055900488522053587 126460187140961923165382086535310198219795748678767274620028024108057673451909987332468 160738780510744022612179805923883718615621006364526300485433616574018202726871029337620 128971060804080679511129221781596316174205808976614107652109095804727048741627206753815 4944703662419042744089871856918998572711917560510777464479298458717316008698890041263
316840227416953463045468385409614888497907796654214101059236373646670875459495351075691 289463491517634186176507536932971210271025850826724668850883857815408427051349668351149 58721608332551709710292692747939422226412921599431797772594860177084347113516052661493 45200952195224905427377012322863413838768843903556036078560937002304668388862276118003 253886753347023972774633945736395460047831557801498868481825766313964627091029676644090
269676013159397279001723700466792104943174875263761020922209034641237490630546544496171 237370353440819884711749638351969211198770627262269443162104119383759551784101675517194 71850351362652347932039130853848315073378576398561027259349892288997275846695651260019 237212038838459774074151266882721381772768126522209196380298984531491908312187133354827 181018185156127982454449112377032068369898314667921017501071561224729431382555988928481
337639955373257060141733525653564604472585195897999244381964518921689747413146497504487 87095729168963322770597690217797584164878625064054946934717167147678248099039862035096 294589353887189515921033365997300661793190189422609490627714707427031857372907711643927 37848455583376417307693516281910655258686152206228356005642709557936204935028067364398 298124265368720450320126200781784569542492399719178353590799331547948383825092719742754
374969443044537054458335534625985884479789709293105802050531440139708156499391389198087 332290497156839534575901588407555349416376699561529581813441562301433260808644526859224 52071303340887770519989751018524949339782749888812150855668263531853989970017159573274 21259779789105438661871545574310186105285767083452967219796831960818346854215950922206 125217384747795638330558094223570973782182922207066283816655726339501208533961790186758
397525386166738454279104309248616092086377398255231762504811585163919168605513689892201 45280023340603848792287641686299962589940812051901308731765859154695941323989832946499 239787244685286181347181817835240669396773535717728043541707939486356289952224971364438 69464035460671758676715657168855989991348335892843798302868862118105581872072247381003 244458666672467954972885184343739118380090879717204298950294907162725385038123724795046
397533810357624905860211836647809879700451855270404730020100001217998463855171457356341 213273322204978186035671548180321673386468876042079236081189146529547983808151196692487 371565730485438660956737033900917638043097274431497494809622574827494605935935531001962 234614813793555930468012649110144199768368474820160000670611406386005356328014882170961 372822284350901957462419629894934965195431542693894558309023759021771906395329602667248
292311071902189821025324618482089840248267366836109388806432651606170933750520029579857 135747280660094345691360955339549067735371030437381347642753346505605712518080613884737 52288968825143974589438987129975123404971316388313181926938636299742299683701841250005 232464904679404584645455367098829338938092699421524166065147586193881596840852532273183 64386573714175291211789243176877821465377593860624596802262435395260294958489957543343
370542334792958956312545243817041880273739552542409534265900668294374354218290366977541 100203984106477058029176999266073000619874637368549736141469272771772060358535448266639 338000508044559453917855775642053436286507821054865468745228116177419753431513460054724 144462222052356729043631838837101989968210772187319200593715537919942624140391993235008 340905169251580576290190376492753428969285739154098796158846686864530483937293665786777
267377267649956624791040215475863029730793749670138202785755268697167970720927934560143 75106692257898877876668145727031869962925331479647206861349485896818747992651781188705 124008277563648156892999616022243575953831255268851897936848893376119643281479524322042 214626034134097903918135959173055810651239439886827355550238351414957006181770482463058 44569790591799296578254639420507170146704207619381495774931744335961778717236308890260
411751497852107373541587547953330111866048657617748085769456112954871123845330650079387 274866734716406114245862856808902246410651839468773032304747001918593638462034571992699 313445948950159271025758890622851204005851763577623674526989445645326312182758101116131 232154398788420168365623925703534437241362970956492708331885504618988965772420269210215 286361319468412105528043082583336797442769030626935453259627605957733424629047370510165
330234282871357754705677463047531604088580986466642873799707571093593864394115389101271 292396667299582128613003609468473507825387606271931612685432375126985673919871739050249 103826237178635259587569574155582903375657737642968828007271509384524531239811999674181 21692088793851806522334776477221422308678986420134349902461595347364846134142597365279 185571423005467835988779827012256507673313163989876210805033983750616794104266927244919
487262258346415593974947815346509975166731090623403265858274517915916412349656455834231 442486923170781536893028551906525826813004586218542347469513539577863303973611877573505 441041230091387827907885971328919973619461014685825866670935640198849653765357780660944 376281067943878873456921747577892804326012482840730675699234177928942602849548328523096 253738509125825835665074987704043614453586870905559184506991287138979984874094387693534
